Datetime,Open,High,Low,Close,Volume,Dividends,Stock Splits
2023-10-06 09:30:00-04:00,87.4000015258789,87.54000091552734,86.33000183105469,86.87000274658203,558077,0.0,0.0
2023-10-06 10:30:00-04:00,86.8949966430664,88.5199966430664,86.8949966430664,88.44999694824219,657325,0.0,0.0
2023-10-06 11:30:00-04:00,88.47840118408203,88.98999786376953,88.3499984741211,88.3949966430664,453999,0.0,0.0
2023-10-06 12:30:00-04:00,88.37000274658203,88.8499984741211,88.30000305175781,88.69999694824219,275539,0.0,0.0
2023-10-06 13:30:00-04:00,88.69999694824219,89.07499694824219,88.62999725341797,89.05999755859375,368842,0.0,0.0
2023-10-06 14:30:00-04:00,89.06999969482422,89.20999908447266,88.63999938964844,88.70999908447266,522018,0.0,0.0
2023-10-06 15:30:00-04:00,88.69999694824219,88.77999877929688,88.31999969482422,88.37999725341797,708370,0.0,0.0
2023-10-09 09:30:00-04:00,88.06999969482422,88.83000183105469,87.95099639892578,88.45500183105469,389892,0.0,0.0
2023-10-09 10:30:00-04:00,88.4656982421875,88.47000122070312,88.05000305175781,88.33999633789062,250784,0.0,0.0
2023-10-09 11:30:00-04:00,88.3499984741211,88.65499877929688,88.0999984741211,88.44999694824219,203199,0.0,0.0
2023-10-09 12:30:00-04:00,88.44000244140625,88.70500183105469,88.19999694824219,88.69660186767578,227025,0.0,0.0
2023-10-09 13:30:00-04:00,88.69000244140625,89.08000183105469,88.66000366210938,88.74500274658203,315365,0.0,0.0
2023-10-09 14:30:00-04:00,88.75,89.03500366210938,88.59500122070312,88.9000015258789,310144,0.0,0.0
2023-10-09 15:30:00-04:00,88.88999938964844,89.05000305175781,88.7699966430664,89.05000305175781,383141,0.0,0.0
